# list of object assets to load in this scene
[ASSETS]
mario.txt
coin.txt
land1.txt
brick.txt
goomba.txt
decorations.txt
turtle.txt 
standing.txt
fullblock.txt
#
[OBJECTS]
# type	x	y	extra_settings per object type
# type: 0 = Mario , 1 = Brick, 2 = Goomba, 3 = Koopas
# See OBJECT_TYPE constants in AssetIDs.h

#Sprite:
#Decorations:
6	40	140	60000	# Big bush 1.1
6	105	148	60001	# Big bush 1.2	

6	167	164	70000	#Small bush 1
6	183	164	70000	#Small bush 1
6	199	164	70000	#Small bush 1

6	152	55	80000	#Cloud 1
6	350	30	80001	#Mini Cloud 1

6	670	35	80001	#Mini Cloud 2

6	695	148	70000	#Small bush 2
6	710	148	70000	#Small bush 2
6	726	148	70000	#Small bush 2
6	742	148	70000	#Small bush 2
6	758	148	70000	#Small bush 2
6	774	148	70000	#Small bush 2

6	900	125	60002	# Big bush 2
6	995	132	60003	# Big bush 2

6	1064	148	70000	#Small bush 3
6	1080	148	70000	#Small bush 3

6	780	60	80002	#Big cloud 1

6	1220	164	70000	#Small bush 3
6	1236	164	70000	#Small bush 3
6	1252	164	70000	#Small bush 3

6	1230	35	80001	#Mini cloud 3

6	1745	35	80002	#Big cloud 2

6	1782	164	70000	#Small bush 4
6	1798	164	70000	#Small bush 4
6	1814	164	70000	#Small bush 4

6	1975	148	60003	#Big bush 3

#Block:	(type	x	y	width	height	id)
7	267	149	48	50	90000	#2 block
7	307	133	48	82	90001	#2 block

7	447	148	80	48	90002	#4 block
7	503	132	62	80	90003	#4 block
7	556	116	62	112	90004	#4 block
7	572	156	96	32	90005	#4 block

7	1350	156	112	32	90006	#3 block
7	1385	140	112	64	90007	#3 block
7	1421	124	112	96	90008	#3 block

7	2219	148	48	48	90009	#2 block 2
7	2255	100	48	144	90010	#2 block 2

#Full Block:
8	372	148	30	48	100000	#Pipe 1

8	1558	100	16	16	100001	#Clod 1
8	1574	100	16	16	100001	#Clod 1

8	1654	164	16	16	100001	#Clod 2
8	1654	148	16	16	100001	#Clod 2
8	1654	132	16	16	100001	#Clod 2
8	1638	164	16	16	100001	#Clod 2
8	1638	148	16	16	100001	#Clod 2
8	1622	164	16	16	100001	#Clod 2

8	1718	164	16	16	100001	#Clod 3
8	1718	148	16	16	100001	#Clod 3
8	1718	132	16	16	100001	#Clod 3
8	1734	164	16	16	100001	#Clod 3
8	1734	148	16	16	100001	#Clod 3
8	1750	164	16	16	100001	#Clod 3

8	1862	164	30	48	100000	#Pipe 2

8	1926	148	30	48	100000	#Pipe 3

# MARIO
0	120	10
#Goomba
2	175	10

#Turtle
3	400	9	7000

#Platform: (ID  x  y  cell_width  cell_height  length  IDfirst  IDmid  IDlast  length)
5 	8	180	16	16	40	51000	52000	53000	6
8	866	172	462	32	54000	
5	1200	180	16	16	22	51000	52000	53000	6
5	1590	180	16	16	5	51000	52000	53000	6
5	1718	180	16	16	36	51000	52000	53000	6
5	2316	180	16	16	35	51000	52000	53000	6

#Dash
5	2014	164	16	16	7	100002	100002	100002	6
5	2030	148	16	16	5	100002	100002	100002	6
5	2046	132	16	16	4	100002	100002	100002	6


5	2155	164	16	16	2	100002	100002	100002	6
5	2155	148	16	16	1	100002	100002	100002	6
