[SPRITES]

#Boomerang
6000001	17	209	32	224	10
6000002	42	209	57	224	10
6000003	68	209	83	224	10
6000004	92	209	107	224	10

#Boomerang brother

#LEFT
6000005	8	173	31	202	10
6000006	37	173	60	202	10
6000007	67	173	82	202	10
6000008	90	173	105	202	10

#RIGHT	
6000009	114	173	129	202	10
6000010	137	173	152	202	10
6000011	159	173	183	202	10
6000012	188	173	211	202	10

[ANIMATIONS]
#Boomerang
5800	6000001	100	6000002	100	6000003	100	6000004	100

#Boomerang Brother
#RIGHT
5802	6000009	100	6000010	100
5804	6000011	100	6000012	100

#LEFT
5801	6000005	100	6000006	100
5803	6000007	100	6000008	100