# id	left	top	right	bottom	texture_id
[SPRITES]
#brick question mark
20000	300	117	315	132	20
20001	318	117	333	132	20
20002	336	117	351	132	20
20003	354	117	369	132	20

#brick empty
20004	372	117	387	132	20

#brick debris
23011	494	120	501	127	20

#Mushroom
200000	300	189	315	204	20	#red
200002	318	189	333	204	20	#green

#Leaf
200001	300	208	315	223	20
	
#Blue Switch
200006	428	208	443	223	20	#open
200007	428	225	443	242	20	#close

#golden brick
2000001	300	135	315	150	20
2000002	318	135	333	150	20
2000003	336	135	351	150	20
2000004	354	135	369	150	20

2000005	408	225	423	240	20	

# ani_id	sprite1_id	time1	sprite2_id	time2	...
[ANIMATIONS]
21000	20000	200	20001	200	20002	200	20003	200
22000	20004	100
23000	2000001	200	2000002	200	2000003	200	2000004	200
23001	2000005 100

23010	23011	100