# id	left	top	right	bottom	texture_id
[SPRITES]
#####  BIG ###############
#IDLE
11121	246	154	259	181	0
11111	186	154	199	181	0

#WALKING RIGHT
11222	275	154	290	181	0
11223	304	154	321	181	0

#WALKING LEFT
11212	155	154	170	181	0
11213	125	154	140	181	0

#RUNNING RIGHT
11321	334	154	355	181	0
11322	334	154	355	181	0
11323	392	154	413	181	0

#RUNNING LEFT
11311	91	154	112	181	0
11312	65	154	86	181	0
11313	34	154	55	181	0

#JUMP WALK RIGHT
11417	395	275	412	302	0
11413	35	275	52	302	0

#JUMP RUN RIGHT & LEFT
11427	394	195	413	222	0
11423	35	195	52	222	0

#SIT RIGHT & LEFT 
11521	426	239	441	256	0
11511	5	239	20	256	0

#BRACE RIGHT & LEFT 
11621	425	154	442	181	0
11611	5	154	22	181	0

#DIE
13001	215	120	234	137	0

#DOWN THE PIPE
13002	215	154	230	181	0

############ SMALL ################
#IDLE
12121	247	0	260	15	0
12111	187	0	200	15	0

#WALK RIGHT
12222	275	0	292	15	0
12223	306	0	321	15	0

#WALK LEFT
12212	155	0	170	15	0
12213	125	0	140	15	0

#RUN RIGHT
12321	275	0	290	15	0
12322	306	0	321	15	0
12323	335	0	350	15	0

#RUN LEFT
12311	155	0	170	15	0
12312	125	0	140	15	0
12313	95	0	110	15	0

#BRACE RIGHT & LEFT
12511	6	0	19	15	0
12521	426	0	439	15	0

#JUMP WALK RIGHT & LEFT 
12413	35	80	50	95	0
12417	395	80	410	95	0

#JUMP RUN RIGHT & LEFT 
12423	65	40	80	55	0
12427	365	40	380	55	0

############ RACCOOON ################
#IDLE
14110	182	633	203	662	0
14120	243	633	264	662	0

#WALK LEFT
14221	152	633	173	662	0
14222	122	633	143	662	0

#WALK RIGHT
14212	272	633	293	662	0
14213	302	633	323	662	0

#RUNNING RIGHT
14321	91	633	114	662	0
14322	61	633	84	662	0
14323	32	633	53	662	0

#RUNNING LEFT
14311	331	633	354	662	0
14312	362	633	385	662	0
14313	393	633	414	662	0

#JUMP WALK RIGHT & LEFT
14420	362	794	385	821	0
14410	61	794	84	821	0

#JUMP RUN RIGHT & LEFT
14510	31	753	54	782	0
14520	392	753	415	782	0

#SIT RIGHT & LEFT 
14610	32	719	53	736	0
14620	391	719	414	736	0

#BRACE RIGHT & LEFT 
14710	5	633	20	662	0
14720	425	633	440	662	0
#TRANSFORM
14800	527	20	542	35	20
14810	546	20	557	35	20
14820	561	20	572	35	20
# ani_id	sprite1_id	time1	sprite2_id	time2	...
[ANIMATIONS]
400	11121	100
401	11111	100

#WALKING RIGHT & LEFT 
500	11121	100	11222	100	11223	100
501	11111	100	11212	100	11213	100

#RUNNING RIGHT & LEFT
600	11321	50	11322	50	11323	50
601	11311	50	11312	50	11313	50

#JUMP WALK
700	11417	100
701	11413	100

#JUMP RUN
800	11427	100
801	11423	100

#SIT RIGHT & LEFT 
900	11521	100
901	11511	100

#BRACE RIGHT & LEFT 
1000	11621	100
1001	11611	100

#DIE
999	13001	100

#DOWN THE PIPE
850	13002	100

################### SMALL #################
1100	12121	100
1102	12111	100


#WALK LEFT & RIGHT 
1200	12121	100	12222	100	12223	100
1201	12111	100	12212	100	12213	100

#RUN LEFT & RIGHT
1300	12321	100	12322	100	12323	100
1301	12311	100	12312	100	12313	100

#BRACE LEFT & RIGHT
1401	12511	100
1400	12521	100

#JUMP WALK
1500	12417	100
1501	12413	100

#JUMP RUN 
1601	12423	100
1600	12427	100

################### RACCOON #################
2001	14110	100
2000	14120	100

#WALK LEFT & RIGHT 
2003	14221	100	14222	100
2002	14212	100	14213	100

#RUN LEFT & RIGHT
2004	14311	100	14312	100	14313	100
2005	14321	100	14322	100	14323	100

#BRACE LEFT & RIGHT
2013	14710	100
2012	14720	100

#JUMP WALK
2007	14410	100
2006	14420	100

#JUMP RUN 
2009	14510	100
2008	14520	100

#SIT
2011	14610	100
2010	14620	100

#Transform 
1702	14800	100	14810	100	14820	100
################### TRANSFORM #################	
#Transform right
1700	12121	50	11121	50
#Transform left
1701	12111	50	11111	50
