# id	left	top	right	bottom	texture_id
[SPRITES]
#LEFT
33001	5	61	38	84	10
33002	51	61	86	84	10
#RIGHT
33003	102	61	123	84	10
33004	149	61	170	84	10


############GREENNOTBULLET############
33005	223	62	240	87	10
33006	241	62	258	87	10


###########GREENBULLET############
#LEFT
33011	78	232	95	257	10
33012	125	232	142	257	10
#RIGHT
33013	169	232	186	257	10
33014	216	232	233	257	10

# ani_id	sprite1_id	time1	sprite2_id	time2	...
[ANIMATIONS]
##########RED#############
5600	33001	200	33002	200
5601	33003	200	33004	200
5602	33001	2000	33002	0
5603	33003	0	33004	2000

##########GREENNOTBULLET#############
5604	33005	200	33006	200

##########GREENBULLET#############
5605	33011	200	33012	200
5606	33013	200	33014	200
5607	33011	2000	33012	0
5608	33013	0	33014	2000