# id	left	top	right	bottom	texture_id
[SPRITES]
90001	168	70	225	151	30	#2 block: blue

90002	235	102	314	149	30	#4 block: green 1
90003	299	70	362	149	30	#4 block: pink
90004	347	38	418	149	30	#4 block: white
90005	347	118	450	149	30	#4 block: green 2

90006	154	218	265	249	30	#3 block: green
90007	186	186	297	249	30	#3 block: pink
90008	218	154	337	249	30	#3 block: blue

90009	460	101	507	148	30	#2 block 2: pink
90010	492	5	547	148	30	#2 block 2: green

90011	162	262	233	301	30	#1 block: pink

#Pink
90012	41	360	56	375	30	#Pink top right
90013	25	360	40	375	30	#Pink top
90014	9	360	24	375	30	#Pink top left
90015	41	376	56	391	30	#Pink right
90016	25	376	40	391	30	#Pink mid
90017	9	376	24	391	30	#Pink left
90018	41	392	56	407	30	#Pink bot right
90019	25	392	40	407	30	#Pink bot
90020	9	392	24	407	30	#Pink bot left

#Shadowm
90021	41	458	56	473	30
90022	25	458	40	473	30
90023	9	458	24	473	30
90024	41	474	56	489	30
90025	25	474	40	489	30
90026	9	474	24	489	30
90027	41	490	56	505	30
90028	25	490	40	505	30
90029	9	490	24	505	30

#Blue
90030	41	409	56	424	30	#Blue top right
90031	25	409	40	424	30	#Blue top
90032	9	409	24	424	30	#Blue top left
90033	41	425	56	440	30	#Blue right
90034	25	425	40	440	30	#Blue mid
90035	9	425	24	440	30	#Blue left
90036	41	441	56	456	30	#Blue bot right
90037	25	441	40	456	30	#Blue bot
90038	9	441	24	456	30	#Blue bot left

#Green
90039	90	360	105	375	30	#Green top right
90040	74	360	89	375	30	#Green top
90041	58	360	73	375	30	#Green top left
90042	90	376	105	391	30	#Green right
90043	74	376	89	391	30	#Green mid
90044	58	376	73	391	30	#Green left
90045	90	392	105	407	30	#Green bot right
90046	74	392	89	407	30	#Green bot
90047	58	392	73	407	30	#Green bot left

#White
90048	90	409	105	424	30	#White top right
90049	74	409	89	424	30	#White top
90050	58	409	73	424	30	#White top left
90051	90	425	105	440	30	#White right
90052	74	425	89	440	30	#White mid
90053	58	425	73	440	30	#White left
90054	90	441	105	456	30	#White bot right
90055	74	441	89	456	30	#White bot
90056	58	441	73	456	30	#White bot left