# id	left	top	right	bottom	texture_id
[SPRITES]
#WALK LEFT
5000000	6	130	23	163	10
5000001	28	129	45	164	10

#WALK RIGHT
5000002	96	128	113	163	10
5000003	118	128	135	163	10
 
#SHELL
5000004	50	137	67	156	10
5000005	71	137	90	156	10


==========GREEN KOOPAS===============
#JUMP LEFT
5000006	150	128	165	155	10
5000007	171	128	186	155	10
5000008	192	128	207	155	10
5000009	214	128	229	155	10

#JUMP RIGHT
5000010	438	127	453	154	10
5000011	417	127	432	154	10
5000012	396	127	411	154	10
5000013	374	127	389	154	10

#WALK LEFT
5000014	240	128	255	155	10
5000015	262	128	277	155	10

#WALK RIGHT
5000016	352	127	367	154	10
5000017	330	127	345	154	10

#SHELL
5000018	284	139	299	154	10
5000019	305	139	322	154	10
	
# ani_id	sprite1_id	time1	sprite2_id	time2	...
[ANIMATIONS]
5200	5000000	100	5000001	100
5201	5000002	100	5000003	100
5202	5000005	100	5000004	100

==========GREEN KOOPAS===============
#JUMP LEFT & RIGHT
5203	5000006	75	5000007	75	5000008	75	5000009	75
5204	5000010	75	5000011	75	5000012	75	5000013	75

#WALK LEFT & RIGHT
5205	5000014	75	5000015	75
5206	5000016	75	5000017	75

#SHELL
5207	5000019	100	5000018	100